step,mean_belief,polarization_var,assortativity,share_extremes,mean_influence,var_influence,mean_cred_weighted_influence,influence_gini,elite_fraction,regime
0,0.06423716950177683,0.5031560583541164,-0.004145741346186216,0.15,0.026365697794269217,0.0006648372668238173,0.012860481606346886,0.521271144036308,0.03,echo
1,0.06826421424064957,0.4996667051815214,0.0514260381262006,0.12,0.21302696213335778,0.017254445682891136,0.10727394958971029,0.31310646314259816,0.03,echo
2,0.06959424635008166,0.5001650949695344,0.0808478709435378,0.09,0.3593615017601042,0.04564108082813206,0.18115307461968638,0.2893752251927025,0.03,echo
3,0.06936306454149253,0.499931044448728,0.0808478709435378,0.07,0.4687836818498719,0.07478773154551709,0.23611001107902985,0.27591782243280005,0.03,echo
4,0.06922176653636582,0.49958705010749765,0.08902132763596833,0.05,0.5475673123347479,0.10116927430147155,0.27571761379556253,0.2691001685307441,0.03,echo
5,0.0693739570609718,0.4996090970007845,0.08902132763596833,0.03,0.6038238838866015,0.12282269936220573,0.3039776340691407,0.2651711270528756,0.03,echo
6,0.06948944822799427,0.49951490840673407,0.08902132763596833,0.03,0.6437355504657131,0.13962550306169969,0.3240236699380968,0.26279887847041605,0.03,echo
7,0.06957264758681374,0.49928107820404505,0.08902132763596833,0.03,0.6720315129480441,0.15226989986672457,0.3382487675706462,0.26123072646719775,0.03,echo
8,0.06976422446352919,0.49920512433760494,0.08902132763596833,0.03,0.6920221093998365,0.1615705457505408,0.3483014002413503,0.260191621558034,0.03,echo
9,0.06990712078322657,0.4991153994211491,0.08902132763596833,0.03,0.7062201386617416,0.16836113669109745,0.35544754149134333,0.25947632456736175,0.03,echo
10,0.06999826500779259,0.4989641778920479,0.08902132763596833,0.03,0.7162770814998841,0.17326325952319357,0.360506675017892,0.2589658847762915,0.03,echo
11,0.07006164977058532,0.49879409665394886,0.08902132763596833,0.03,0.7234403238835693,0.17680123420841018,0.36410634789599,0.25857004885244494,0.03,echo
12,0.07014778079251885,0.49867500189326747,0.08902132763596833,0.03,0.7285497999507919,0.17934766813602943,0.3666747659540971,0.258264566078207,0.03,echo
13,0.07020571323216705,0.4985496647349222,0.08902132763596833,0.03,0.7322155405538626,0.18118610352953954,0.3685225312857982,0.2580192215989301,0.03,echo
14,0.07024952018928621,0.4984536357091013,0.08902132763596833,0.03,0.7348774653907516,0.18252685777607877,0.36986114371261486,0.2578099605081735,0.03,echo
15,0.07028800449199019,0.4983401387809339,0.08902132763596833,0.03,0.736793104552456,0.18349466837533335,0.3708261272857205,0.25763946952758315,0.03,echo
16,0.0702943417340149,0.49821177864893856,0.08902132763596833,0.03,0.7382220308314003,0.18421761163633163,0.3715452487223967,0.2574716361968152,0.03,echo
17,0.07031668908888215,0.4981059051300684,0.08902132763596833,0.03,0.7392845471236373,0.1847559182989876,0.3720804131380448,0.2573223957726802,0.03,echo
18,0.07034413245379678,0.4980249661034146,0.08902132763596833,0.03,0.7400675767283857,0.185152934364491,0.3724739198750053,0.2571915001279032,0.03,echo
19,0.07037431210963854,0.497966951586619,0.08902132763596833,0.03,0.7406664795357581,0.18545679656110434,0.3727756577855795,0.25707429713781693,0.03,echo
20,0.07040946353167409,0.4979394685459661,0.08902132763596833,0.03,0.741150001428389,0.18570225277890182,0.373017664088028,0.2569597994756441,0.03,echo
21,0.07043309313417756,0.49789732554421673,0.08902132763596833,0.03,0.7415210797622578,0.18589062683710886,0.3732034482644687,0.25685808298812035,0.03,echo
22,0.07045000207651435,0.497852373983966,0.08902132763596833,0.03,0.7418072463563015,0.18603589564980244,0.37334713194695807,0.2567700371007835,0.03,echo
23,0.07046019893262667,0.4978053704489792,0.08902132763596833,0.03,0.7420367357210389,0.18615242810863136,0.37346238448345537,0.2566908950192625,0.03,echo
24,0.07047906309049648,0.4977736581139202,0.08902132763596833,0.03,0.7422327340066052,0.18625197078679545,0.3735599470217405,0.25661510770718676,0.03,echo
25,0.07048443894882336,0.49772674732242533,0.08902132763596833,0.03,0.7423927280601101,0.18633325293486852,0.37363816171454056,0.2565477445539716,0.03,echo
26,0.07050241154165807,0.49769817442978925,0.08902132763596833,0.03,0.7425273288148915,0.18640163594757253,0.3737055235222979,0.2564862093735076,0.03,echo
27,0.07052171953275205,0.4976842130147627,0.08902132763596833,0.03,0.7426504967142482,0.1864642383048784,0.3737669442098735,0.2564247552477217,0.03,echo
28,0.07052565765208006,0.497654107117253,0.08902132763596833,0.03,0.7427497526203706,0.1865147209088748,0.37381680239183235,0.25637555244019283,0.03,echo
29,0.07053304215532015,0.4976370763091822,0.08902132763596833,0.03,0.7428320621324902,0.18655659410098493,0.37385707155314385,0.25633310133761145,0.03,echo
30,0.07054031771240193,0.49761146594379946,0.08902132763596833,0.03,0.742909913818567,0.1865962278641127,0.3738953208036034,0.2562922097931921,0.03,echo
31,0.07054842777317658,0.49759609444832414,0.08902132763596833,0.03,0.7429766092861189,0.1866301853737517,0.3739278555225236,0.25625588453151465,0.03,echo
32,0.0705548837295067,0.4975773517292565,0.08902132763596833,0.03,0.7430356488044086,0.1866602560908709,0.3739575626288933,0.2562226944977819,0.03,echo
33,0.07056797782034865,0.49757698284593055,0.08902132763596833,0.03,0.7430917875436672,0.18668886284977312,0.37398520371313637,0.2561904017563387,0.03,echo
34,0.07058490506254388,0.49758053227621035,0.08902132763596833,0.03,0.7431407704589715,0.18671383660893273,0.374009496013424,0.2561624878913028,0.03,echo
35,0.07058787889648803,0.49756280438613787,0.08902132763596833,0.03,0.7431827315332629,0.18673523368009867,0.3740301658461451,0.25613867222784875,0.03,echo
36,0.07058662191890326,0.49754813893964167,0.08902132763596833,0.03,0.7432245093944505,0.18675654933274044,0.37405051663478395,0.25611561488974643,0.03,echo
37,0.07060046453800344,0.4975530694970316,0.08902132763596833,0.03,0.7432595701509866,0.18677443916991152,0.37406784083051414,0.25609522010974073,0.03,echo
38,0.07060413316733703,0.49753826838192583,0.08902132763596833,0.03,0.7432882603832093,0.18678908216452883,0.3740817382325173,0.2560787529114033,0.03,echo
39,0.07060602559075431,0.4975296671067139,0.08902132763596833,0.03,0.7433156652254088,0.1868030739068291,0.3740948017351902,0.25606303611773157,0.03,echo
40,0.07060558249453366,0.49751431239725347,0.08902132763596833,0.03,0.7433407477273274,0.18681588299623456,0.374107082100127,0.2560486200966848,0.03,echo
41,0.07060853797803031,0.4975074042785373,0.08902132763596833,0.03,0.7433623170350575,0.186826898901215,0.3741172073972922,0.25603585262905243,0.03,echo
42,0.07061358264872018,0.49750532987979973,0.08902132763596833,0.03,0.7433840330371844,0.18683799285561636,0.374127665182218,0.25602310596663175,0.03,echo
43,0.0706165434544889,0.49750116296848435,0.08902132763596833,0.03,0.7434033543015762,0.1868478642193798,0.3741368999678216,0.2560115679131596,0.03,echo
44,0.07061921494219221,0.49749621662220433,0.08902132763596833,0.03,0.7434193970640964,0.1868560613399237,0.3741443787432967,0.25600174118761204,0.03,echo
45,0.07061936890483236,0.497489531697091,0.08902132763596833,0.03,0.7434372826978027,0.1868652045318102,0.374152956379331,0.25599164202630403,0.03,echo
46,0.07062068510754323,0.49748460106840553,0.08902132763596833,0.03,0.7434513955883439,0.18687241845073316,0.3741597121984042,0.2559834627578104,0.03,echo
47,0.07062354881046201,0.49748035301080973,0.08902132763596833,0.03,0.7434654565788814,0.1868796065992452,0.374166347924905,0.25597517304383643,0.03,echo
48,0.07062463752638637,0.49747830230085205,0.08902132763596833,0.03,0.7434776411020608,0.18688583605849948,0.3741722311886024,0.2559679450443626,0.03,echo
49,0.07062635167597314,0.497476022735311,0.08902132763596833,0.03,0.7434897871173234,0.18689204696894532,0.37417820531174634,0.2559608367012547,0.03,echo
50,0.07062771657676249,0.49747248733326077,0.08902132763596833,0.03,0.7435001144079081,0.18689732779038942,0.3741831259316322,0.2559547007168062,0.03,echo
51,0.07062835790274805,0.4974700693488679,0.08902132763596833,0.03,0.7435096759039902,0.18690221619003458,0.37418760456843136,0.2559488583100948,0.03,echo
52,0.07062920354747987,0.4974675894266926,0.08902132763596833,0.03,0.7435186248246093,0.18690679261055873,0.3741919269463498,0.2559434315005922,0.03,echo
53,0.07063084326202107,0.49746552537475297,0.08902132763596833,0.03,0.7435274987628777,0.18691133148468148,0.3741962171579532,0.25593833778947345,0.03,echo
54,0.0706316969273926,0.49746422346689784,0.08902132763596833,0.03,0.7435353274130414,0.18691533496608972,0.3741999638393031,0.2559338225497494,0.03,echo
55,0.0706330026289654,0.49746198573840056,0.08902132763596833,0.03,0.743542223101623,0.18691886180185502,0.3742032669498246,0.2559296642236971,0.03,echo
56,0.07063310627394884,0.49745913965188043,0.08902132763596833,0.03,0.7435485660867157,0.18692210576183788,0.3742063624287272,0.25592576593990785,0.03,echo
57,0.07063366299675229,0.49745834349133927,0.08902132763596833,0.03,0.7435548780353965,0.1869253337939758,0.37420938471514636,0.255921794979627,0.03,echo
58,0.07063282572185667,0.4974544680300288,0.08902132763596833,0.03,0.7435602653687201,0.18692808868195016,0.3742120011327909,0.25591843928992813,0.03,echo
59,0.07063367375313628,0.49745371298293656,0.08902132763596833,0.03,0.7435652123505274,0.1869306181975273,0.37421447645460487,0.2559152774659034,0.03,echo
60,0.07063391512830348,0.49745202317005693,0.08902132763596833,0.03,0.7435700362596556,0.1869330852437087,0.3742168040576111,0.25591233393146723,0.03,echo
61,0.07063599237363047,0.4974534569319074,0.08902132763596833,0.03,0.7435755188769199,0.18693588966587987,0.3742195362179413,0.25590882887847555,0.03,echo
62,0.07063681968183663,0.49745248030637557,0.08902132763596833,0.03,0.743580263462008,0.1869383165306384,0.37422193876231724,0.25590586212923483,0.03,echo
63,0.07063662515931055,0.49745098841747226,0.08902132763596833,0.03,0.7435850745914463,0.18694077728908354,0.37422423718743764,0.25590291786242647,0.03,echo
64,0.07063910928106634,0.49745403280235834,0.08902132763596833,0.03,0.743589189345518,0.1869428813087128,0.37422620768905646,0.2559000782481544,0.03,echo
65,0.07064183345777306,0.49745650816786285,0.08902132763596833,0.03,0.7435933921272445,0.18694503029809553,0.3742283303334139,0.25589723712100965,0.03,echo
66,0.07064212575961387,0.49745579474580315,0.08902132763596833,0.03,0.7435973243974127,0.18694704070071247,0.37423026563255596,0.255894610833314,0.03,echo
67,0.07064281734727376,0.49745628038249573,0.08902132763596833,0.03,0.7435997443618493,0.18694827720158472,0.37423136548536173,0.25589288792602605,0.03,echo
68,0.07064476868727856,0.49745815552231804,0.08902132763596833,0.03,0.7436036183906265,0.18695025890979328,0.37423325082232145,0.2558904107815754,0.03,echo
69,0.07064499291491748,0.4974575034502219,0.08902132763596833,0.03,0.7436060595155619,0.18695150669384475,0.3742344002406978,0.2558886836468525,0.03,echo
70,0.07064379472447477,0.49745464377053905,0.08902132763596833,0.03,0.7436088012642944,0.1869529083139715,0.37423577811398745,0.25588679069455866,0.03,echo
71,0.07064399947878065,0.4974542862539901,0.08902132763596833,0.03,0.7436118607767616,0.1869544732736457,0.37423727794850314,0.2558847895486285,0.03,echo
72,0.07064412545888756,0.4974536659377742,0.08902132763596833,0.03,0.7436143965224037,0.18695576971639166,0.37423852943166025,0.2558830152183167,0.03,echo
73,0.07064451131243193,0.49745359250039606,0.08902132763596833,0.03,0.743616918298482,0.18695705942656246,0.37423972528097993,0.2558812836891616,0.03,echo
74,0.07064460924653632,0.49745314273530383,0.08902132763596833,0.03,0.7436194322978651,0.18695834525609012,0.37424095884727954,0.25587959848479147,0.03,echo
75,0.07064650824113666,0.49745560533477595,0.08902132763596833,0.03,0.7436223989938097,0.18695986262471354,0.37424248663472476,0.2558775248622023,0.03,echo
76,0.07064649718768796,0.49745504705724275,0.08902132763596833,0.03,0.7436248722671087,0.1869611275041417,0.3742437065849677,0.2558757608033154,0.03,echo
77,0.07064696155163672,0.49745515249997496,0.08902132763596833,0.03,0.7436273447435182,0.18696239187482594,0.37424496295065274,0.25587405241594224,0.03,echo
78,0.07064772900172459,0.49745599513444944,0.08902132763596833,0.03,0.7436290717892307,0.18696327445219602,0.37424581774065,0.2558727348340723,0.03,echo
79,0.070647881684127,0.4974558314263702,0.08902132763596833,0.03,0.7436314829341145,0.1869645076260155,0.3742470013170941,0.25587105619995254,0.03,echo
80,0.07064977074735125,0.4974584723786195,0.08902132763596833,0.03,0.7436338636466432,0.18696572530300226,0.3742481947167623,0.2558692834149863,0.03,echo
81,0.07064924727687352,0.497457352452901,0.08902132763596833,0.03,0.7436359252310293,0.18696677936722972,0.3742491697605655,0.25586775090867175,0.03,echo
82,0.0706500165097957,0.49745815881650357,0.08902132763596833,0.03,0.7436378502063183,0.18696776365899787,0.3742501124951611,0.25586632856304375,0.03,echo
83,0.07065016328721892,0.49745804089619095,0.08902132763596833,0.03,0.7436394996848776,0.1869686067801667,0.37425090778081244,0.25586500805932016,0.03,echo
84,0.07065029696080037,0.4974579567485921,0.08902132763596833,0.03,0.7436417108763739,0.1869697381228632,0.37425203248965877,0.2558634655149692,0.04,echo
85,0.07065005778396113,0.49745742613396277,0.08902132763596833,0.03,0.7436437485221928,0.18697078042652188,0.3742530144162383,0.2558619515270547,0.04,echo
86,0.07064918653966883,0.49745586315524376,0.08902132763596833,0.03,0.7436457340224321,0.18697179617970164,0.3742539886675682,0.2558605610250861,0.04,echo
87,0.07064899248198946,0.49745528610158873,0.08902132763596833,0.03,0.7436472533327837,0.18697257301601258,0.3742547364203952,0.2558593583587634,0.04,echo
88,0.07064947085698389,0.49745589658931055,0.08902132763596833,0.03,0.7436492085290058,0.18697357335716322,0.3742557098770891,0.2558579660744937,0.04,echo
89,0.07064902405417975,0.49745501792595026,0.08902132763596833,0.03,0.7436506920770347,0.18697433209269135,0.3742564482244907,0.2558568494474025,0.04,echo
90,0.07064881997031752,0.4974545141382049,0.08902132763596833,0.03,0.7436521389268306,0.18697507212559727,0.37425715247801933,0.2558557396062136,0.04,echo
91,0.0706490773912401,0.49745470793089397,0.08902132763596833,0.03,0.7436534971361486,0.186975766658149,0.37425784299100484,0.2558546753217442,0.04,echo
92,0.07064912349295241,0.49745467934564486,0.08902132763596833,0.03,0.7436552579416776,0.18697666743881147,0.3742587180712277,0.2558533545761668,0.04,echo
93,0.07064929578896471,0.497454800116743,0.08902132763596833,0.03,0.7436569083204471,0.18697751174428612,0.37425955342018236,0.25585213669879864,0.07,echo
94,0.07064993322017166,0.49745564075616777,0.08902132763596833,0.03,0.7436589075361317,0.18697853472817053,0.3742605793261779,0.2558505818042414,0.07,echo
95,0.07064975442254301,0.49745525265816787,0.08902132763596833,0.03,0.743660104940545,0.186979147219309,0.37426115107618346,0.25584969377561806,0.07,echo
96,0.07064992216283611,0.4974553827009416,0.08902132763596833,0.03,0.7436616024878304,0.18697991326485622,0.374261904830581,0.2558485021381308,0.07,echo
97,0.07065016807755078,0.4974556406407809,0.08902132763596833,0.03,0.7436628756220309,0.186980564401717,0.3742625369742904,0.25584748935292834,0.07,echo
98,0.07065008448938734,0.4974554111693217,0.08902132763596833,0.03,0.7436643275787315,0.18698130719236913,0.37426321656334727,0.25584636573987896,0.1,echo
99,0.07064928320950443,0.49745408987757456,0.08902132763596833,0.03,0.7436657015653749,0.18698201007164333,0.3742639289710541,0.25584527109499033,0.1,echo
100,0.07064828095516398,0.4974524315298652,0.08902132763596833,0.03,0.7436672129621843,0.18698278346360567,0.3742646851400801,0.25584411953633746,0.14,echo
101,0.0706483381117412,0.49745242829605124,0.08902132763596833,0.03,0.7436681166959305,0.18698324575155356,0.37426514520415194,0.2558433935566805,0.14,echo
102,0.07064833403487696,0.4974523436495324,0.08902132763596833,0.03,0.7436693391856756,0.1869838713391284,0.374265739521353,0.25584250211330867,0.14,echo
103,0.07064809992993976,0.4974519127996961,0.08902132763596833,0.03,0.7436705804912872,0.18698450650588921,0.3742663420051531,0.255841535648764,0.18,echo
104,0.07064805165404996,0.4974517887085247,0.08902132763596833,0.03,0.7436719051603827,0.18698518440440254,0.3742669983362434,0.2558405157035129,0.19,echo
105,0.07064806429100401,0.4974517562746418,0.08902132763596833,0.03,0.7436728328837312,0.1869856589602612,0.37426748471273347,0.2558396997006143,0.19,echo
106,0.07064760490537361,0.4974509855571305,0.08902132763596833,0.03,0.7436740642838161,0.18698628915546073,0.3742680682614926,0.25583877742227273,0.19,echo
107,0.07064790599701863,0.4974514027130305,0.08902132763596833,0.03,0.7436751406358119,0.1869868399433397,0.3742686044632968,0.255837929529271,0.19,echo
108,0.07064779134674085,0.49745117233944997,0.08902132763596833,0.03,0.7436763935553252,0.1869874811589785,0.37426925544133516,0.25583696554832147,0.19,echo
109,0.07064775572235073,0.4974510750166794,0.08902132763596833,0.03,0.7436774428338019,0.1869880180281585,0.3742697583087257,0.25583609610110897,0.19,echo
110,0.0706477647774281,0.49745104073169016,0.08902132763596833,0.03,0.7436785637385098,0.1869885916919326,0.3742703185586642,0.25583523409506825,0.19,echo
111,0.07064791961087885,0.4974512412490483,0.08902132763596833,0.03,0.7436795194521757,0.18698908062199074,0.37427080115448147,0.2558344145024691,0.19,echo
112,0.07064783034479725,0.4974510633627585,0.08902132763596833,0.03,0.743680482844901,0.1869895735241092,0.37427125975406006,0.25583359897004654,0.19,echo
113,0.0706478404744114,0.49745104745018487,0.08902132763596833,0.03,0.7436814810178233,0.18699008444151763,0.37427174989390816,0.25583285026512415,0.19,echo
114,0.07064765165678995,0.4974507225347287,0.08902132763596833,0.03,0.7436825892027035,0.1869906517073751,0.37427229264317013,0.25583201040111364,0.19,echo
115,0.0706476485237999,0.49745068542243354,0.08902132763596833,0.03,0.743683489152818,0.18699111224781453,0.3742727535584246,0.2558312857615712,0.19,echo
116,0.07064760551485455,0.4974505884267352,0.08902132763596833,0.03,0.7436842988376756,0.1869915265562196,0.3742731539262394,0.25583060091824933,0.19,echo
117,0.07064761155381234,0.4974505677695784,0.08902132763596833,0.03,0.7436852147211076,0.1869919952126956,0.37427359785657016,0.25582979968785935,0.19,echo
118,0.07064746202256247,0.4974503137389839,0.08902132763596833,0.03,0.7436863421345323,0.18699257240101827,0.37427416370337846,0.25582895052886984,0.19,echo
119,0.07064811575972367,0.497451309545475,0.08902132763596833,0.03,0.743687518549997,0.18699317465064752,0.37427475452317993,0.25582805789755314,0.19,echo
120,0.07064871126645902,0.49745220792461686,0.08902132763596833,0.03,0.7436886534809137,0.1869937556007427,0.3742753166521527,0.2558271556905906,0.19,echo
121,0.07064863056269313,0.4974520639631867,0.08902132763596833,0.03,0.743689636443721,0.1869942587507748,0.37427579411196776,0.2558263911210899,0.19,echo
122,0.07064866402040142,0.4974520940002478,0.08902132763596833,0.03,0.7436902219352511,0.18699455824980432,0.3742760922511361,0.25582582276360055,0.19,echo
123,0.07064887861125717,0.49745241061545314,0.08902132763596833,0.03,0.7436909858428542,0.1869949492127926,0.3742764774758783,0.2558251836307801,0.19,echo
124,0.07064896480818321,0.4974525293122932,0.08902132763596833,0.03,0.7436917422982322,0.1869953364327882,0.3742768336871513,0.25582456666711023,0.19,echo
125,0.07064851107898822,0.4974518051954418,0.08902132763596833,0.03,0.743692492981017,0.18699572068775996,0.3742772158362696,0.2558239396016316,0.19,echo
126,0.0706485961450855,0.4974519235574894,0.08902132763596833,0.03,0.7436931566052101,0.18699606040260044,0.37427753220630305,0.2558234175807212,0.19,echo
127,0.0706486046170082,0.49745192260164184,0.08902132763596833,0.03,0.7436939952408035,0.1869964897804928,0.37427795470773767,0.25582275785459674,0.19,echo
128,0.07064880182297331,0.49745221434305487,0.08902132763596833,0.03,0.74369477045621,0.18699688667050254,0.3742783444245747,0.25582215646238565,0.19,echo
129,0.07064864842089219,0.497451961334013,0.08902132763596833,0.03,0.7436956149168846,0.18699731906582986,0.3742787549012822,0.25582152201499025,0.19,echo
130,0.07064866615363466,0.49745197882605646,0.08902132763596833,0.03,0.7436963105497624,0.18699767515996363,0.37427911137186415,0.2558209327890053,0.19,echo
131,0.07064862695804078,0.49745190450878546,0.08902132763596833,0.03,0.7436968962022883,0.1869979749270313,0.37427941719033514,0.2558204059173083,0.19,echo
132,0.07064854227242469,0.49745175962886007,0.08902132763596833,0.03,0.7436976301071327,0.18699835069018922,0.37427976432849325,0.25581983414777726,0.19,echo
133,0.07064864085359183,0.4974519019341189,0.08902132763596833,0.03,0.743698449854824,0.18699877043848442,0.37428018239608185,0.2558192056971818,0.19,echo
134,0.07064852913580574,0.49745171857655995,0.08902132763596833,0.03,0.7436991175729202,0.18699911233182243,0.37428049926854956,0.2558186809747889,0.19,echo
135,0.07064842698544592,0.4974515491326894,0.08902132763596833,0.03,0.7436997674087573,0.18699944503552296,0.37428081023412496,0.25581815479569786,0.19,echo
136,0.07064841062894993,0.49745151420401557,0.08902132763596833,0.03,0.7437004026671638,0.1869997703048339,0.3742811369706439,0.2558176404286742,0.19,echo
137,0.0706483979174573,0.49745148512581566,0.08902132763596833,0.03,0.7437010541992956,0.18700010392557054,0.3742814608557054,0.2558171187159617,0.19,echo
138,0.07064874980437386,0.49745202450658427,0.08902132763596833,0.03,0.7437019974239248,0.18700058699383493,0.37428193955334343,0.25581640453558535,0.19,echo
139,0.0706487959285286,0.49745208758613585,0.08902132763596833,0.03,0.7437026654505224,0.18700092901984483,0.3742822672591392,0.25581585000686036,0.19,echo
140,0.07064936009851004,0.49745295698667,0.08902132763596833,0.03,0.7437033427732629,0.18700127580147224,0.3742826157038468,0.25581525662895416,0.19,echo
141,0.07064945004863112,0.4974530900953921,0.08902132763596833,0.03,0.7437038358415877,0.1870015282262837,0.3742828388053989,0.2558148167052541,0.19,echo
142,0.07064963217893755,0.4974533670243311,0.08902132763596833,0.03,0.7437044654561774,0.18700185061452068,0.3742831502277677,0.25581430358470103,0.19,echo
143,0.07064968305048486,0.4974534402493594,0.08902132763596833,0.03,0.7437051063730604,0.18700217883595285,0.3742834775148569,0.25581381678223125,0.19,echo
144,0.07064925310675338,0.49745276428149837,0.08902132763596833,0.03,0.743705711927318,0.18700248891793742,0.37428378709456483,0.2558133165693134,0.19,echo
145,0.07064963013339626,0.4974533452868547,0.08902132763596833,0.03,0.7437063603484511,0.18700282100739163,0.3742841150763573,0.2558128301388014,0.19,echo
146,0.07064958071333688,0.49745326291946995,0.08902132763596833,0.03,0.7437069011347327,0.18700309796708597,0.37428438151678844,0.2558124042317755,0.19,echo
147,0.07064940755804622,0.49745298794064347,0.08902132763596833,0.03,0.7437073624577698,0.18700333419203602,0.37428459357078436,0.25581200522445824,0.19,echo
148,0.07064979401319992,0.49745358409762674,0.08902132763596833,0.03,0.7437080151419476,0.18700366848093986,0.37428491917657675,0.25581149143911364,0.19,echo
149,0.07064945575830689,0.49745305300531534,0.08902132763596833,0.03,0.7437085702776016,0.18700395279391502,0.37428520040989477,0.25581105668289356,0.19,echo
150,0.07064912389304784,0.497452531305509,0.08902132763596833,0.03,0.7437089592943447,0.18700415197611758,0.37428538979359205,0.2558107059440769,0.19,echo
151,0.07064913154046444,0.49745253889431945,0.08902132763596833,0.03,0.7437094141139778,0.1870043848824346,0.37428561034378516,0.25581032854145974,0.19,echo
152,0.07064906624333535,0.4974524327687459,0.08902132763596833,0.03,0.7437099147403667,0.18700464128978417,0.37428585390185304,0.25580994670549273,0.19,echo
153,0.07064902999108721,0.49745237219622623,0.08902132763596833,0.03,0.7437103631958183,0.1870048709643296,0.3742860742260533,0.2558095809895592,0.19,echo
154,0.0706490023311062,0.49745232484746615,0.08902132763596833,0.03,0.7437108727372745,0.18700513196083068,0.3742863323336351,0.2558091956574867,0.19,echo
155,0.07064898066168661,0.4974522873367929,0.08902132763596833,0.03,0.7437113057748869,0.18700535373045885,0.3742865455449944,0.25580883742846255,0.19,echo
156,0.07064938185096704,0.49745290794688357,0.08902132763596833,0.03,0.7437117529142462,0.18700558273890563,0.3742867725955709,0.25580846251871703,0.19,echo
157,0.07064887164291057,0.49745211050811683,0.08902132763596833,0.03,0.7437122901174127,0.1870058579192593,0.37428704006328445,0.25580805316167426,0.19,echo
158,0.07064921291971898,0.49745263836959197,0.08902132763596833,0.03,0.7437128075883396,0.18700612299132757,0.37428730139886746,0.2558076647109506,0.19,echo
159,0.07064957453343897,0.49745319818333295,0.08902132763596833,0.03,0.7437132344147079,0.18700634159072418,0.3742875141936507,0.25580729463310403,0.19,echo
160,0.07064929066125829,0.4974527530529061,0.08902132763596833,0.03,0.7437136485743985,0.18700655368926902,0.3742877212988384,0.25580692804117094,0.19,echo
161,0.07064925763289857,0.4974526987551521,0.08902132763596833,0.03,0.7437140743855957,0.1870067717792737,0.3742879305205929,0.25580658626090963,0.19,echo
162,0.07064917316285635,0.49745256449960595,0.08902132763596833,0.03,0.7437145279900281,0.1870070041418833,0.374288156624211,0.25580624229180216,0.19,echo
163,0.07064915319800823,0.49745253069370066,0.08902132763596833,0.03,0.7437148015236289,0.1870071442169796,0.37428830337771707,0.25580599394724746,0.19,echo
164,0.07064913120165751,0.4974524940162343,0.08902132763596833,0.03,0.7437151741643396,0.187007335093888,0.37428847777325935,0.25580570322689666,0.19,echo
165,0.07064908130120788,0.49745241369692667,0.08902132763596833,0.03,0.7437154362063625,0.18700746928262896,0.3742886088181616,0.2558054576598424,0.19,echo
166,0.07064897434216438,0.49745224474977495,0.08902132763596833,0.03,0.7437159267731456,0.18700772058157678,0.3742888453623887,0.2558050770261332,0.19,echo
167,0.07064899283128909,0.49745227108701784,0.08902132763596833,0.03,0.7437163053872108,0.18700791452463797,0.3742890396857802,0.25580477610592667,0.19,echo
168,0.07064894711049448,0.4974521977479212,0.08902132763596833,0.03,0.7437167567086886,0.18700814572760066,0.3742892563522895,0.2558044287589004,0.19,echo
169,0.07064894247063115,0.497452188286876,0.08902132763596833,0.03,0.7437171738102483,0.1870083593851871,0.3742894599460404,0.2558040955858553,0.19,echo
170,0.07064892960046264,0.49745216617275095,0.08902132763596833,0.03,0.7437175045577998,0.18700852880703817,0.3742896284653511,0.2558038241144021,0.19,echo
171,0.07064895802424499,0.4974522083905415,0.08902132763596833,0.03,0.7437178298603123,0.1870086954409481,0.3742897911867415,0.25580355489088946,0.19,echo
172,0.07064867964664359,0.4974517732138797,0.08902132763596833,0.03,0.743718229026304,0.18700889992821426,0.374289994172486,0.2558032404861794,0.19,echo
173,0.07064867153976678,0.4974517587322015,0.08902132763596833,0.03,0.7437185092923846,0.18700904348306455,0.3742901351419124,0.25580300157344765,0.19,echo
174,0.07064861166189322,0.49745166375054195,0.08902132763596833,0.03,0.7437189087703099,0.1870092481353187,0.3742903324523137,0.255802690097258,0.19,echo
175,0.07064852505150973,0.497451527238648,0.08902132763596833,0.03,0.7437192418210893,0.1870094187564401,0.3742904904944532,0.25580242994071356,0.19,echo
176,0.07064854007766573,0.497451549043441,0.08902132763596833,0.03,0.7437195759684863,0.18700958993672198,0.37429064869273965,0.2558021746392757,0.19,echo
177,0.07064853267907979,0.49745153588524466,0.08902132763596833,0.03,0.7437198349735012,0.187009722606383,0.37429078162708274,0.255801946464576,0.19,echo
178,0.07064853315076772,0.4974515351333734,0.08902132763596833,0.03,0.7437201280156702,0.1870098727300987,0.3742909298212703,0.2558017105831907,0.19,echo
179,0.07064850318163804,0.49745148705902237,0.08902132763596833,0.03,0.7437204490171659,0.18701003717453787,0.3742910968399186,0.25580145049752756,0.19,echo
180,0.07064846058053798,0.49745141923215946,0.08902132763596833,0.03,0.7437207005528138,0.18701016602979614,0.37429121747209104,0.25580123797390997,0.19,echo
181,0.07064848085539267,0.49745144947122105,0.08902132763596833,0.03,0.7437209724006921,0.18701030529239732,0.3742913485217648,0.25580101772001385,0.19,echo
182,0.07064844201682528,0.4974513876659341,0.08902132763596833,0.03,0.7437212165169165,0.18701043034850795,0.374291469213656,0.2558008103605826,0.19,echo
183,0.07064842642551666,0.4974513621355141,0.08902132763596833,0.03,0.7437215142271485,0.18701058286872121,0.37429162507159036,0.25580057754191654,0.19,echo
184,0.07064835500002972,0.4974512496980197,0.08902132763596833,0.03,0.7437217925799436,0.18701072547204298,0.37429176202848785,0.2558003544255192,0.19,echo
185,0.07064834582387475,0.49745123428869975,0.08902132763596833,0.03,0.74372211751867,0.18701089195002588,0.37429192354857077,0.25580010251383145,0.19,echo
186,0.0706483606070135,0.49745125619505615,0.08902132763596833,0.03,0.743722415381109,0.18701104454825473,0.37429206918299224,0.25579985786093884,0.19,echo
187,0.07064838093617952,0.4974512867879589,0.08902132763596833,0.03,0.7437226708498588,0.18701117542682297,0.3742921883872411,0.2557996520425394,0.19,echo
188,0.0706483990441974,0.49745131397870584,0.08902132763596833,0.03,0.7437229590914071,0.18701132310240975,0.3742923373166194,0.25579942430819175,0.19,echo
189,0.07064834083756726,0.49745122227169597,0.08902132763596833,0.03,0.7437231479076446,0.1870114198287961,0.37429243123781625,0.2557992461965711,0.19,echo
190,0.07064852998100714,0.49745151582077496,0.08902132763596833,0.03,0.7437234492597655,0.18701157422606982,0.3742925802279546,0.25579900261706695,0.19,echo
191,0.07064850370232433,0.4974514739351165,0.08902132763596833,0.03,0.7437236657552074,0.1870116851374308,0.37429268394539145,0.2557988133707896,0.19,echo
192,0.07064866840429959,0.49745172953199807,0.08902132763596833,0.03,0.7437240347084346,0.1870118741880732,0.37429287374476095,0.2557985491535352,0.19,echo
193,0.07064863653553874,0.49745167905662485,0.08902132763596833,0.03,0.7437242749966562,0.18701199729565907,0.37429299324960796,0.2557983524703468,0.19,echo
194,0.07064862347020821,0.49745165790786106,0.08902132763596833,0.03,0.7437245215572694,0.18701212361692868,0.37429310920692027,0.2557981501721534,0.2,echo
195,0.07064847286740875,0.49745142261608216,0.08902132763596833,0.03,0.7437247050003839,0.1870122175958813,0.37429320470868144,0.25579799653163887,0.2,echo
196,0.07064844141102422,0.4974513728628835,0.08902132763596833,0.03,0.7437249216633064,0.18701232860269573,0.374293312448693,0.25579782059568773,0.21,echo
197,0.07064843864332687,0.4974513678160504,0.08902132763596833,0.03,0.7437250976755293,0.18701241877651703,0.3742933962796124,0.25579766985533836,0.2,echo
198,0.07064840795158595,0.4974513192907674,0.08902132763596833,0.03,0.7437252654620817,0.18701250473736625,0.37429347770312416,0.25579752490157587,0.21,echo
199,0.07064827158637184,0.4974511062868255,0.08902132763596833,0.03,0.7437255263193717,0.18701263839830165,0.37429360394715006,0.2557973277506113,0.23,echo
200,0.07064825674248167,0.4974510824966096,0.08902132763596833,0.03,0.7437257306485453,0.18701274308718685,0.37429370877647095,0.2557971607467715,0.24,echo
201,0.07064826832485753,0.4974510999100331,0.08902132763596833,0.03,0.743725925654601,0.18701284300144733,0.3742938070239837,0.25579700951019757,0.24,echo
202,0.07064814386026001,0.4974509054915104,0.08902132763596833,0.03,0.7437261470204235,0.1870129564285339,0.3742939165000437,0.2557968411539676,0.24,echo
203,0.07064809343049264,0.4974508263503417,0.08902132763596833,0.03,0.7437263350767431,0.18701305278304342,0.3742940093995305,0.255796688682219,0.24,echo
204,0.0706481031946888,0.497450840983507,0.08902132763596833,0.03,0.7437265336294498,0.18701315451557332,0.3742941086440976,0.25579652455443463,0.24,echo
205,0.07064823741144392,0.49745104942611773,0.08902132763596833,0.03,0.7437267717728271,0.1870132765407962,0.3742942315349698,0.2557963369833368,0.24,echo
206,0.07064821047980313,0.49745100694479005,0.08902132763596833,0.03,0.7437269392245612,0.18701336233678148,0.37429431304353955,0.25579619202058085,0.24,echo
207,0.07064817184273989,0.4974509462673643,0.08902132763596833,0.03,0.743727110037006,0.1870134498538606,0.37429439127314335,0.25579605374114095,0.24,echo
208,0.07064817210103937,0.49745094618168884,0.08902132763596833,0.03,0.7437272977284127,0.1870135460261826,0.3742944859991246,0.25579590682591574,0.24,echo
209,0.0706481285240456,0.49745087782219655,0.08902132763596833,0.03,0.7437274342792989,0.1870136159851805,0.37429455574034093,0.2557957811209829,0.24,echo
210,0.07064814088859313,0.4974508966341047,0.08902132763596833,0.03,0.7437276042200053,0.18701370306164575,0.3742946390102292,0.2557956500424467,0.24,echo
211,0.07064810595523122,0.4974508417900641,0.08902132763596833,0.03,0.7437278008660219,0.18701380382509136,0.3742947394634023,0.2557954991850579,0.24,echo
212,0.07064812208668879,0.4974508664724283,0.08902132763596833,0.03,0.7437279573782892,0.18701388401635977,0.3742948168327686,0.2557953593516757,0.24,echo
213,0.07064807871248471,0.49745079853299634,0.08902132763596833,0.03,0.7437281496324617,0.1870139825301295,0.37429490989163505,0.2557952136356332,0.24,echo
214,0.07064798597384546,0.49745065372504066,0.08902132763596833,0.03,0.7437283245903222,0.18701407217877627,0.3742949977173023,0.25579507251198563,0.24,echo
215,0.07064797392114591,0.4974506345576221,0.08902132763596833,0.03,0.7437284733491916,0.18701414840300543,0.37429507385141164,0.25579494949958376,0.24,echo
216,0.07064797648586323,0.49745063817228025,0.08902132763596833,0.03,0.7437286249779208,0.18701422609915105,0.3742951511368989,0.25579482935976444,0.24,echo
217,0.07064793927388976,0.4974505798532368,0.08902132763596833,0.03,0.7437287655185042,0.18701429811046918,0.374295214888976,0.25579471132156895,0.24,echo
218,0.07064794486370558,0.49745058820919197,0.08902132763596833,0.03,0.7437289248693937,0.1870143797643299,0.3742952928953784,0.25579458332368477,0.24,echo
219,0.07064791336101708,0.4974505388117532,0.08902132763596833,0.03,0.7437290949333034,0.1870144669084801,0.3742953774077429,0.25579445473733314,0.24,echo
220,0.0706478855137993,0.4974504951142455,0.08902132763596833,0.03,0.7437292088175715,0.18701452526019793,0.3742954365285908,0.25579435403551526,0.24,echo
221,0.07064789461669158,0.4974505089754159,0.08902132763596833,0.03,0.7437293557730983,0.18701460056120905,0.3742955080772961,0.2557942312112854,0.24,echo
222,0.07064781650722674,0.49745038702943956,0.08902132763596833,0.03,0.7437294841668265,0.18701466635043548,0.37429557484161785,0.2557941216242872,0.24,echo
223,0.0706478528223812,0.49745044330059984,0.08902132763596833,0.03,0.7437296164138862,0.18701473411651923,0.37429564008538224,0.2557940144642771,0.24,echo
224,0.0706478307903996,0.4974504086994029,0.08902132763596833,0.03,0.743729747081471,0.18701480107218216,0.37429570510347426,0.2557939081286325,0.24,echo
225,0.07064780237994328,0.49745036417870514,0.08902132763596833,0.03,0.7437299197261266,0.18701488954152057,0.3742957887836771,0.25579377655973473,0.24,echo
226,0.07064780903665174,0.49745037428598793,0.08902132763596833,0.03,0.7437300467872583,0.18701495465031726,0.37429585332496623,0.25579367390122515,0.24,echo
227,0.07064777597552926,0.497450322545059,0.08902132763596833,0.03,0.7437301902475252,0.18701502816404308,0.37429592552189495,0.25579356240887674,0.24,echo
228,0.0706477746622462,0.4974503202545945,0.08902132763596833,0.03,0.7437303256653207,0.18701509755532592,0.3742959929020121,0.25579345522290026,0.24,echo
229,0.07064779868036795,0.4974503574286839,0.08902132763596833,0.03,0.7437304222245205,0.18701514703323105,0.3742960396685102,0.25579336936896296,0.24,echo
230,0.07064779622294741,0.4974503533764493,0.08902132763596833,0.03,0.7437305641903351,0.18701521978124827,0.3742961070186794,0.2557932579416197,0.24,echo
231,0.0706477943211587,0.49745035020046147,0.08902132763596833,0.03,0.7437306851499667,0.187015281765492,0.3742961693388321,0.2557931624867281,0.24,echo
232,0.0706478880632805,0.49745049597978697,0.08902132763596833,0.03,0.7437308200300565,0.18701535088288465,0.3742962371358525,0.2557930531199848,0.24,echo
233,0.07064789828049817,0.49745051168207477,0.08902132763596833,0.03,0.7437309031757959,0.18701539348511442,0.3742962778388669,0.2557929722595284,0.24,echo
234,0.07064780949250746,0.4974503732147111,0.08902132763596833,0.03,0.7437310554076807,0.18701547149676834,0.3742963532156378,0.2557928604183338,0.24,echo
235,0.0706478143046027,0.4974503805185621,0.08902132763596833,0.03,0.7437311228632091,0.18701550605974362,0.3742963847075175,0.2557927936210113,0.24,echo
236,0.07064782909440712,0.4974504033712025,0.08902132763596833,0.03,0.7437312275572381,0.18701555970900266,0.37429643671669816,0.25579270697918133,0.24,echo
237,0.07064781755056647,0.49745038521469864,0.08902132763596833,0.03,0.7437313547730464,0.18701562490115617,0.3742965005569458,0.2557926093823288,0.24,echo
238,0.07064774083930003,0.49745026557736977,0.08902132763596833,0.03,0.7437314748384661,0.18701568642845648,0.3742965605453494,0.2557925153302774,0.24,echo
239,0.07064773761612966,0.49745026039802975,0.08902132763596833,0.03,0.7437315891966338,0.18701574503109275,0.37429662137264263,0.2557924264010022,0.24,echo
240,0.0706477215825677,0.49745023526265436,0.08902132763596833,0.03,0.7437316837754108,0.18701579349746378,0.37429666789522154,0.25579234718883126,0.24,echo
241,0.07064769486041605,0.4974501934859933,0.08902132763596833,0.03,0.7437317767687252,0.1870158411515687,0.3742967144316048,0.25579227126006177,0.24,echo
242,0.07064768916960967,0.49745018447650247,0.08902132763596833,0.03,0.7437318879045961,0.1870158981035255,0.3742967677260621,0.2557921850639957,0.24,echo
243,0.07064778832660606,0.4974503387634983,0.08902132763596833,0.03,0.743732009038013,0.18701596017841837,0.3742968281819723,0.255792086741755,0.24,echo
244,0.07064777692582523,0.49745032087102437,0.08902132763596833,0.03,0.7437320738981695,0.18701599341425257,0.37429685913618455,0.25579202826134306,0.24,echo
245,0.07064778124688888,0.4974503274656209,0.08902132763596833,0.03,0.7437321760199106,0.18701604574633537,0.37429691106871993,0.25579194526413546,0.24,echo
246,0.07064778196618098,0.49745032846105935,0.08902132763596833,0.03,0.7437322766614004,0.1870160973208318,0.37429696088251246,0.2557918658044899,0.24,echo
247,0.07064778162430403,0.4974503278039435,0.08902132763596833,0.03,0.7437323521511441,0.18701613600480665,0.3742969984208844,0.2557918008340647,0.24,echo
248,0.07064776722885531,0.4974503052597572,0.08902132763596833,0.03,0.7437324327671533,0.1870161773163257,0.3742970361475409,0.25579173359474566,0.24,echo
249,0.07064776755524443,0.4974503056563159,0.08902132763596833,0.03,0.743732534959561,0.1870162296865467,0.3742970874466486,0.25579165653790353,0.24,echo
250,0.07064776372451725,0.4974502995784274,0.08902132763596833,0.03,0.7437326153549749,0.18701627088576886,0.37429712756197714,0.25579158977861766,0.24,echo
251,0.0706477661559576,0.49745030325867307,0.08902132763596833,0.03,0.74373269233242,0.18701631033305632,0.3742971653764489,0.2557915256459931,0.24,echo
252,0.0706477820154045,0.49745032785634385,0.08902132763596833,0.03,0.743732773992882,0.18701635218067594,0.3742972058747652,0.25579145788269825,0.24,echo
253,0.07064782291086776,0.49745039144850794,0.08902132763596833,0.03,0.7437328922391169,0.18701641277876171,0.3742972647458872,0.2557913681810138,0.24,echo
254,0.07064781492027811,0.4974503789044956,0.08902132763596833,0.03,0.7437329686712622,0.1870164519470282,0.3742973019949577,0.2557913035702687,0.24,echo
255,0.07064780276516125,0.49745035988312913,0.08902132763596833,0.03,0.7437330658181699,0.18701650173154555,0.3742973511152867,0.255791227354821,0.24,echo
256,0.0706478259594773,0.4974503959218708,0.08902132763596833,0.03,0.7437331303210876,0.18701653478601254,0.374297384616987,0.25579117161635595,0.24,echo
257,0.07064782538535544,0.4974503949404563,0.08902132763596833,0.03,0.743733206383763,0.18701657376569522,0.3742974223783692,0.255791110371637,0.24,echo
258,0.07064781162665566,0.4974503734241299,0.08902132763596833,0.03,0.7437332746807247,0.18701660876515253,0.3742974550846174,0.25579105327757445,0.24,echo
259,0.07064782771060409,0.4974503983978481,0.08902132763596833,0.03,0.7437333531979199,0.18701664900285014,0.374297493537817,0.2557909900273599,0.24,echo
260,0.07064782656997762,0.4974503965451872,0.08902132763596833,0.03,0.7437334309537019,0.18701668885021494,0.3742975321963746,0.2557909285914235,0.24,echo
261,0.07064788792940012,0.49745049203521796,0.08902132763596833,0.03,0.7437335252550031,0.18701673717722256,0.3742975799399262,0.25579085288913034,0.24,echo
262,0.07064785237946102,0.49745043659042,0.08902132763596833,0.03,0.743733594406595,0.18701677261517194,0.37429761295030867,0.25579079555357737,0.24,echo
263,0.07064786037272518,0.49745044897091295,0.08902132763596833,0.03,0.7437336618708037,0.18701680718833824,0.37429764556899714,0.2557907398681465,0.24,echo
264,0.0706478508105092,0.4974504340097783,0.08902132763596833,0.03,0.7437337284988148,0.18701684133342814,0.3742976798124421,0.2557906858891045,0.24,echo
265,0.07064790621405204,0.4974505202371098,0.08902132763596833,0.03,0.7437337993535512,0.18701687764508526,0.3742977150643609,0.2557906308798239,0.24,echo
266,0.07064790857721119,0.4974505238564143,0.08902132763596833,0.03,0.7437338665265747,0.18701691206936047,0.37429774828248585,0.2557905773082246,0.24,echo
267,0.07064791362118066,0.4974505316518281,0.08902132763596833,0.03,0.7437339219631548,0.1870169404790224,0.3742977751920279,0.25579053047395833,0.24,echo
268,0.07064791381864988,0.49745053190293104,0.08902132763596833,0.03,0.7437339906332854,0.1870169756710684,0.3742978088497807,0.25579047511482517,0.24,echo
269,0.07064791520095308,0.4974505340008218,0.08902132763596833,0.03,0.7437340577029572,0.18701701004283525,0.3742978431344849,0.25579042278277014,0.24,echo
270,0.07064788097509471,0.49745048063912767,0.08902132763596833,0.03,0.7437341236681402,0.1870170438484204,0.3742978767427381,0.2557903676681667,0.24,echo
271,0.07064788848921663,0.4974504922889149,0.08902132763596833,0.03,0.7437341712557602,0.18701706823543113,0.3742979001070214,0.2557903242091469,0.24,echo
272,0.07064788709019805,0.4974504900611476,0.08902132763596833,0.03,0.7437342245245131,0.18701709553432966,0.3742979240386825,0.255790281172999,0.24,echo
273,0.07064787996724207,0.4974504789194697,0.08902132763596833,0.03,0.743734282551426,0.18701712527217335,0.3742979521945653,0.2557902366156135,0.24,echo
274,0.07064791784779342,0.4974505378732277,0.08902132763596833,0.03,0.7437343489372207,0.18701715929410856,0.3742979862247722,0.2557901856469486,0.24,echo
275,0.07064790276480651,0.4974505143344193,0.08902132763596833,0.03,0.7437343990251228,0.18701718496304778,0.37429801193944,0.25579014322197524,0.24,echo
276,0.07064789683229802,0.49745050505162025,0.08902132763596833,0.03,0.7437344523464329,0.18701721228945561,0.37429803853834626,0.2557901004195257,0.24,echo
277,0.07064789950079615,0.4974505091668234,0.08902132763596833,0.03,0.7437345148072434,0.1870172443000987,0.3742980696520523,0.25579005325129117,0.24,echo
278,0.07064790277845187,0.49745051423291387,0.08902132763596833,0.03,0.7437345674464013,0.187017271276639,0.37429809612560644,0.2557900088925851,0.24,echo
279,0.07064790700901788,0.4974505207821842,0.08902132763596833,0.03,0.7437346253008367,0.18701730092603172,0.37429812526032236,0.25578996032172685,0.24,echo
280,0.07064790592259039,0.49745051905255555,0.08902132763596833,0.03,0.7437346836607298,0.1870173308347322,0.3742981551354124,0.25578991363694853,0.24,echo
281,0.07064790653396641,0.4974505199689989,0.08902132763596833,0.03,0.743734728482066,0.1870173538050873,0.3742981764733523,0.255789877693273,0.24,echo
282,0.07064789795711855,0.49745050657521406,0.08902132763596833,0.03,0.743734778370602,0.18701737937246435,0.37429820025485566,0.2557898393905845,0.24,echo
283,0.07064790634009119,0.4974505195993214,0.08902132763596833,0.03,0.743734820145617,0.1870174007814704,0.37429822159855447,0.25578980388486555,0.24,echo
284,0.07064790576519084,0.4974505186713959,0.08902132763596833,0.03,0.7437348575389088,0.1870174199447568,0.37429823940176526,0.255789771405683,0.24,echo
285,0.07064795458361305,0.4974505946798286,0.08902132763596833,0.03,0.7437349288853763,0.18701745650967574,0.374298275615967,0.2557897178203929,0.24,echo
286,0.07064791631706684,0.4974505350463514,0.08902132763596833,0.03,0.7437349727956132,0.18701747901313726,0.37429829604921727,0.25578968066213376,0.24,echo
287,0.07064790990645063,0.49745052503045595,0.08902132763596833,0.03,0.7437350077220397,0.18701749691239908,0.37429831323542245,0.25578965098708734,0.24,echo
288,0.0706479183411835,0.49745053814143597,0.08902132763596833,0.03,0.7437350513356187,0.18701751926396284,0.37429833578382643,0.25578961640561704,0.24,echo
289,0.07064795266300265,0.4974505915723664,0.08902132763596833,0.03,0.7437351021540125,0.18701754530803794,0.37429836184640947,0.2557895747064838,0.24,echo
290,0.07064795546557398,0.49745059591147545,0.08902132763596833,0.03,0.7437351314755928,0.1870175603349268,0.37429837617546324,0.2557895499073085,0.24,echo
291,0.07064794672439428,0.4974505822721961,0.08902132763596833,0.03,0.7437351768739154,0.18701758360147258,0.37429839816635857,0.25578951630207514,0.24,echo
292,0.07064794112911667,0.4974505735322705,0.08902132763596833,0.03,0.7437352230064503,0.18701760724418612,0.3742984207480713,0.25578948030666865,0.24,echo
293,0.07064797722248409,0.4974506297274375,0.08902132763596833,0.03,0.7437352812493039,0.1870176370935675,0.3742984507320657,0.2557894345702607,0.24,echo
294,0.07064798131079064,0.4974506360729839,0.08902132763596833,0.03,0.7437353185314494,0.18701765620045444,0.3742984690184363,0.25578940336110334,0.24,echo
295,0.0706479750625017,0.4974506263187155,0.08902132763596833,0.03,0.7437353562942455,0.1870176755536149,0.37429848714601893,0.25578937174960176,0.24,echo
296,0.07064797708568567,0.49745062944954077,0.08902132763596833,0.03,0.7437353935733628,0.1870176946589083,0.3742985055434036,0.25578934095046735,0.24,echo
297,0.07064797982714546,0.49745063369973613,0.08902132763596833,0.03,0.7437354309622404,0.18701771382055785,0.3742985243581817,0.2557893108360234,0.24,echo
298,0.07064798846386706,0.4974506471329538,0.08902132763596833,0.03,0.7437354660277591,0.18701773179154565,0.3742985426673301,0.2557892828886723,0.24,echo
299,0.07064801309627888,0.4974506854804941,0.08902132763596833,0.03,0.7437355125951433,0.18701775565730483,0.37429856549872736,0.2557892453188721,0.24,echo
300,0.07064801131157773,0.4974506826831385,0.08902132763596833,0.03,0.743735549290864,0.18701777446385545,0.37429858362543883,0.25578921628887086,0.24,echo
